       Feature_1  Feature_2  Feature_3  Feature_4  Feature_5  Feature_6  \
0       9.000000   2.206181   0.967546   0.991364          5   0.276959   
1       8.000000  -0.771461  -0.691794  -0.124020          8  -0.525301   
2       4.000000  -0.829600   0.849521   1.147628          8   0.116856   
3       6.000000  -2.429350   1.783365   1.644329          7   1.970243   
4       5.000000   1.433687   0.345290   0.181574          7   0.296787   
5       3.000000  -1.528581   0.764325   0.804367          2   0.241741   
6       6.000000  -2.280368   1.706221   1.586844          7   2.077539   
7       1.000000   2.411637   1.023429   0.796305          9  -0.127629   
8       1.000000   1.847872  -0.098640  -0.799968          9   0.386573   
9       5.000000  -1.674334   2.949770   1.047034          7   3.443178   
10     10.000000   0.093924  -0.292291  -0.586054          5   0.004954   
11      5.000000  -0.209273   1.077089   0.885690          5   0.123235   
12      9.000000  -2.450137   0.980334   0.781432          7   0.570666   
13      1.000000  -0.492690   2.742548   0.727063          9   1.774205   
14      1.000000  -0.390273  -0.028428  -0.012026          8  -0.192444   
15      2.000000  -1.369499   2.194365   1.956300          6   1.819215   
16      1.000000   1.455368  -0.400452  -0.851306          1  -0.371982   
17      8.000000  -1.836087   2.489443   1.619212          8   0.363754   
18      4.000000  -0.462315   0.099922   0.031298         10  -0.108593   
19      6.000000  -1.691877   1.533714   1.125338          8   0.348488   
20      6.000000   1.524483   2.547712   0.839020          2  -0.002167   
21      1.000000   1.565320  -0.049261  -1.159563          9  -0.257783   
22      1.000000   0.226263   0.429890   0.122426          9  -0.332664   
23      1.000000   1.832717   1.273913   0.081455          9  -0.099421   
24      1.000000  -1.705486   2.277922   0.553133          9   0.516208   
25      1.000000  -0.754016   1.037278  -0.279628          9  -0.027841   
26      8.000000   1.724476   1.486527   1.346423          2   0.208804   
27      1.000000  -0.527785   0.839502   0.789891          5  -0.084009   
28      1.000000   1.585963   2.686962  -1.074953          9   0.518295   
29      8.000000  -1.159948   2.316822   1.490752          8   0.423795   
...          ...        ...        ...        ...        ...        ...   
39970   3.561958  -0.197670   0.383728   0.609635          1   0.093678   
39971   4.224326  -0.816115   0.814746   0.632946          4   0.417005   
39972   3.665979   0.702714   0.180675  -0.026747          4  -0.147461   
39973   4.071540  -0.416890   0.097988   0.229452          4  -0.254196   
39974   3.572918  -0.205717  -0.061537  -0.096491          4   0.103223   
39975   3.658431   0.723661   0.354564   0.529468          4  -0.018216   
39976   2.844812   0.092741   0.417523   0.541754          5   0.065006   
39977   2.357510  -0.060918  -0.111133  -0.100341          1   0.376026   
39978   3.182103  -0.989906   1.092797   0.637817          1  -0.020080   
39979   3.391356  -0.374972   0.237348   0.217582          6   0.271274   
39980   4.099898   0.089328  -0.120152  -0.127164          1  -0.042562   
39981   3.380032   0.452170   0.295861  -0.175989          4  -0.380414   
39982   3.362105   0.041882   0.778346   0.426827          7  -0.016774   
39983   4.528220  -0.166578   0.918181   0.807672          4  -0.055331   
39984   4.565075  -0.275475   0.357868  -0.262406          6  -0.162167   
39985   4.759923  -0.466854   0.172547   0.082279          1   1.110129   
39986   3.534226  -0.643123   1.080066   0.065408          4   0.368701   
39987   2.956790  -0.735518   0.961860   0.734291          6   0.616810   
39988   3.411169  -0.218574   0.242340   0.132056          4  -0.175672   
39989   3.640326  -0.562213   0.020172   0.421335          1  -0.032579   
39990   3.955247   0.983349   0.118245   0.265293          5  -0.299026   
39991   3.900068  -0.022479  -0.101549   0.295105          4   0.311143   
39992   3.735742  -0.436694   0.231230   0.048071          7  -0.163047   
39993   3.361976   0.158542   0.029457   0.515062          1   0.324325   
39994   3.507455  -0.103819   0.222562   0.474990          1   0.175381   
39995   2.900667  -0.458740   0.575600   0.618160          1   0.137926   
39996   3.360823   1.170097   0.634574   0.637597          7   0.273783   
39997   3.872401  -0.382419   0.712560   0.598347          7   0.508523   
39998   3.685594  -0.605861   0.428068   0.614175          8  -0.158876   
39999   3.269405  -0.244850   1.377943   0.707368          5   0.253786   

       Feature_7  Feature_8  Feature_9  Feature_10  ...   Feature_17  \
0          99861     0.3451  13.000000    1.000000  ...    -1.304266   
1          49229     0.2109   7.000000    1.000000  ...     0.438462   
2          52425     0.0098  12.000000    5.000000  ...    -1.167142   
3           7663     0.3650  10.000000    1.000000  ...    -1.680767   
4          73407     0.3650   9.000000    5.000000  ...    -0.480768   
5          49467     0.2986  12.000000    5.000000  ...    -0.810678   
6          43138     0.0126  10.000000    1.000000  ...    -1.625189   
7          93247     0.3318  12.000000    5.000000  ...    -1.192026   
8          26189     0.3318   7.000000    5.000000  ...    -1.042451   
9          48481     0.2138  17.000000    4.000000  ...    -1.373477   
10         18477     0.0163  12.000000    2.000000  ...    -0.238730   
11         41948     0.0163  11.000000    5.000000  ...    -0.793403   
12         19537     0.3318  11.000000    2.000000  ...    -1.422943   
13         39365     0.2064  13.000000    5.000000  ...    -1.915574   
14         21108     0.3650  12.000000    4.000000  ...    -0.558837   
15         49744     0.3318  12.000000    5.000000  ...    -1.795998   
16         38393     0.3451  10.000000    4.000000  ...    -0.054539   
17         86947     0.2119  10.000000    5.000000  ...    -1.635139   
18          6447     0.0174  10.000000    3.000000  ...    -0.576767   
19         62165     0.3484  13.000000    6.000000  ...    -1.385415   
20         94953     0.0158  14.000000    4.000000  ...    -0.909914   
21         84383     0.0107   9.000000    5.000000  ...    -0.766768   
22         15107     0.0126   7.000000    5.000000  ...    -0.855504   
23         42247     0.2109  10.000000    5.000000  ...    -0.818858   
24         93026     0.3451  14.000000    5.000000  ...    -1.195150   
25         53356     0.0174  11.000000    5.000000  ...    -0.547658   
26         34213     0.2323  14.000000    5.000000  ...    -0.920341   
27         69564     0.3418  11.000000    5.000000  ...    -0.645785   
28         99861     0.0102  13.000000    5.000000  ...    -1.236921   
29         94904     0.0174   7.000000    5.000000  ...    -1.642889   
...          ...        ...        ...         ...  ...          ...   
39970      67409     0.0105  10.275619    4.984010  ...    -0.508615   
39971      61797     0.0111   9.976153    4.000000  ...    -0.879018   
39972      71522     0.2087   9.610200    4.766008  ...    -0.013829   
39973      92862     0.0099  10.610583    4.000000  ...    -0.117412   
39974      21216     0.3451   9.980325    4.758415  ...    -0.155206   
39975      51150     0.3318  10.908638    4.770923  ...    -0.544819   
39976      54680     0.0174  11.657587    4.763927  ...    -0.345009   
39977      77954     0.3451  12.593868    4.920249  ...    -0.252051   
39978      81600     0.3650   9.993780    4.826959  ...    -0.725778   
39979       1695     0.2087   9.536143    4.686489  ...    -0.712360   
39980       2441     0.2119  10.389900    4.449199  ...    -0.298336   
39981      72396     0.3418   9.459424    5.013999  ...    -0.389841   
39982      92235     0.3484   9.705416    4.854488  ...    -0.520304   
39983      62539     0.2986   7.990639    4.791343  ...    -0.304934   
39984      56547     0.0174   9.327215    5.299667  ...    -0.307383   
39985      64625     0.2323  11.685864    5.002314  ...    -0.202968   
39986      79998     0.0163  14.003529    5.155219  ...    -0.783174   
39987      44322     0.0164  11.451567    4.834597  ...    -1.011133   
39988      38585     0.0100  10.742455    4.000000  ...     0.000213   
39989      44003     0.0174   8.008354    5.000000  ...    -0.591945   
39990        338     0.0098   8.737361    5.010250  ...     0.347228   
39991      31676     0.0142   8.978890    4.000000  ...    -0.674653   
39992      25571     0.0111   8.033762    4.837863  ...    -0.297516   
39993      14653     0.0166  11.344773    3.999124  ...    -0.633979   
39994      94022     0.0163   9.423086    4.505933  ...    -0.707244   
39995      95943     0.2087  11.015593    4.781795  ...    -0.585220   
39996      58964     0.0171  11.678765    5.003498  ...    -0.952272   
39997      11694     0.3451  11.000000    4.948062  ...    -0.839407   
39998      80139     0.3451  11.014108    3.741066  ...    -0.665046   
39999      17093     0.3451  11.704251    4.940154  ...    -0.851185   

       Feature_18  Feature_19  Feature_20  Feature_21  Feature_22  Feature_23  \
0        1.577751   -1.611225    5.000000    0.718281   -2.383161    1.274457   
1       -0.799755    0.203649    2.000000   -1.091945    1.477251   -3.920030   
2        1.773071   -1.894226    2.000000    0.989519   -1.711147    1.590884   
3        2.907570   -1.560428    7.000000    2.267714    0.162972    1.876385   
4        0.616429   -0.810760    2.000000    0.345049    0.312556   -4.709789   
5        1.059379   -1.707382    6.000000    0.599759   -1.672073    1.512840   
6        2.940908   -1.797291    7.000000    2.325755    0.515512    1.976165   
7        2.041643   -1.800214    7.000000    1.142320   -0.224094    1.899989   
8        1.061035   -0.922881    4.000000    0.376812    0.128496    1.265685   
9        1.697075   -1.941880    8.000000    2.800484    0.582967    1.894958   
10       0.091864   -0.623881    2.000000   -0.127446    0.109832    0.834815   
11       0.942771   -0.952984    8.000000    0.591018   -2.477337    1.027152   
12       2.184987   -1.502143    7.000000    1.325536   -1.413281    1.572679   
13       3.391709   -2.182008    8.000000    2.617170   -1.299439    2.073643   
14       0.431419   -0.232871    2.000000   -0.186175   -3.246372    0.632042   
15       3.814612   -2.639770    7.000000    2.494809   -2.616007    2.078767   
16      -0.138701   -0.574464    9.000000   -0.653148    0.979971    0.615013   
17       2.705578   -2.257239    3.000000    1.901439   -2.997013    1.846924   
18       0.648302   -0.858424    6.000000    0.198462   -0.934969    0.532702   
19       1.655819   -1.620996    7.000000    1.234504   -2.184989    0.814239   
20       0.797692   -1.366941    6.000000    0.917565   -1.508494    0.904904   
21       0.868311   -1.104961    2.000000    0.038686    0.153477    1.384378   
22       0.909771   -1.440043    2.000000    0.187437   -1.454538    1.111124   
23       1.114133   -1.094967    5.000000    0.669918   -0.067479    1.504171   
24       2.058641   -1.386231    7.000000    1.343878   -1.378471    1.708199   
25       0.870557   -1.204043    3.000000    0.222977    1.277641    1.161729   
26       1.279339   -1.520659    4.000000    1.173568   -1.493536    1.011263   
27       0.728071   -1.270102    5.000000    0.477635   -1.713708    1.161215   
28       1.719761   -1.154997    7.000000    1.349263   -0.925562    1.583063   
29       2.648613   -2.558704    3.000000    1.816430   -2.896942    2.014772   
...           ...         ...         ...         ...         ...         ...   
39970    0.548016   -0.910130    2.000000    0.203630    0.277600    0.972470   
39971    1.363046   -1.434335    5.305391    0.808450   -2.026342    1.321954   
39972    0.111326   -0.860649    8.000000   -0.206556   -3.060324    0.591900   
39973    0.028222   -0.726649    4.000000   -0.296779   -2.189259    0.677482   
39974    0.068872   -0.787138    8.000000   -0.318138   -3.096118    0.660770   
39975    0.526062   -0.976148    3.000000    0.582667   -2.995497    1.017435   
39976    0.513260   -1.043861    4.000000    0.271511   -2.101436    0.790097   
39977    0.236583   -0.996762    2.000000   -0.179982   -1.753997    0.524266   
39978    0.781494   -0.338214   10.000000    0.827925   -1.026824    1.113219   
39979    0.814028   -1.274207    2.000000    0.434922    0.747917    1.044942   
39980    0.243917   -1.029054    8.000000   -0.144160   -0.236937    0.670366   
39981    0.329876   -0.778497    9.000000   -0.038742   -3.016737    0.587757   
39982    0.338087   -0.313287    3.000000   -0.062640   -0.649303    0.814079   
39983    0.371121   -0.922046    8.000000    0.231490   -3.181496    0.470613   
39984    0.190799   -1.245101    2.000000   -0.227263    0.254039    0.240495   
39985    0.222524   -1.017708    8.000000   -0.063119   -0.309914    0.693478   
39986    1.075100   -1.798008    5.000000    0.354693   -3.273947    1.306781   
39987    1.289021   -1.156138   10.000000    1.026849   -2.120915    1.481028   
39988    0.599664   -0.794129    3.000000    0.026622   -2.049140    0.908572   
39989    0.657937   -1.393285    8.000000   -0.049443   -0.029720    0.955415   
39990   -0.001980   -0.498299    9.000000   -0.287446   -0.205708    0.814761   
39991    1.074624   -1.078305    3.000000    0.820020   -2.015988    0.561451   
39992    0.156193   -0.828525    2.000000   -0.117840   -1.538234    0.770170   
39993    0.746706   -0.523153    9.000000    0.332331   -1.618721    0.894518   
39994    0.870477   -1.072610    8.000000    0.585747   -1.241022    0.910929   
39995    0.588633   -1.023767    2.000000    0.225813    0.624725    0.934662   
39996    1.239792   -0.132500    5.654311    0.977748   -1.319419    1.172123   
39997    1.356058   -1.431532    2.000000    0.574103   -0.502238    1.350542   
39998    0.697580   -0.779576    2.000000    0.208917   -0.822983    1.226368   
39999    1.497072   -1.722168    5.255242    0.795293   -1.489078    1.409467   

       Feature_24  Feature_25  nans  
0       -1.319995   -0.857627     0  
1       -0.044783    2.439240     0  
2       -2.520518   -0.867687     0  
3       -2.728578    3.573777     0  
4       -1.179404   -0.733228     0  
5       -1.849667   -0.865227     0  
6       -2.896441    3.317426     0  
7       -1.522379   -1.171194     0  
8       -0.152247   -0.765358     0  
9       -4.956806   -1.566632     0  
10       0.054959   -0.112421     0  
11      -0.428037   -0.862617     0  
12      -1.338407    3.357526     0  
13      -0.337657   -1.037914     0  
14      -0.600883   -0.324748     0  
15      -2.772629   -1.260907     0  
16       1.035350   -0.210563     0  
17      -3.936518   -0.922199     0  
18      -0.906209   -0.386602     0  
19      -3.321298    2.151909     0  
20      -1.615773   -1.041531     0  
21      -0.373226   -0.927939     0  
22      -0.939701   -0.452542     0  
23      -0.893107   -0.953245     0  
24      -1.184137   -1.027125     0  
25      -0.601219   -0.705544     0  
26      -2.283462   -0.702636     0  
27      -0.921985   -0.632653     0  
28      -0.875756   -0.941961     0  
29      -4.035059   -1.037670     0  
...           ...         ...   ...  
39970   -0.587318   -0.639720    15  
39971   -0.678875   -0.859831    15  
39972    0.449437   -0.380556    15  
39973   -0.330071   -0.407143    15  
39974   -0.737400   -0.306315    15  
39975   -1.806513   -0.397517    15  
39976   -0.799097   -0.401091    15  
39977   -0.507738   -0.331616    15  
39978   -0.764370   -0.606594    15  
39979    0.463618   -0.504342    15  
39980    0.114681    0.418810    15  
39981   -0.256464   -0.498108    15  
39982   -0.629103    0.407677    15  
39983   -0.563713   -0.537597    15  
39984   -0.368369   -0.114509    15  
39985   -0.367213   -0.407903    15  
39986   -1.343482   -0.701096    15  
39987   -1.052487   -0.971011    15  
39988   -0.221857   -0.596364    15  
39989   -1.630818   -0.520865    15  
39990   -0.581361   -0.599406    15  
39991   -1.452438    0.363503    15  
39992   -0.592027   -0.279777    16  
39993   -0.921552   -0.644988    16  
39994   -0.513532   -0.564493    16  
39995    1.029581   -0.406845    16  
39996    0.269280   -0.605501    16  
399